-12
-27
-30
-31
-31
-31
-32
-33
-34
-36
-38
-39
-40
-40
-40
-39
-37
-36
-34
-33
-32
-30
-29
-28
-29
-31
-33
-34
-35
-36
-36
-36
-36
-36
-36
-35
-35
-34
-35
-36
-37
-38
-40
-41
-41
-42
-42
-42
-41
-40
-39
-38
-37
-36
-36
-37
-38
-39
-39
-39
-40
-40
-40
-40
-39
-38
-36
-35
-33
-32
-31
-31
-32
-33
-35
-37
-38
-39
-39
-41
-43
-46
-47
-48
-48
-50
-52
-54
-55
-55
-55
-55
-55
-55
-55
-56
-56
-56
-56
-57
-57
-58
-58
-57
-57
-56
-55
-54
-54
-54
-54
-54
-54
-55
-56
-57
-57
-57
-58
-59
-59
-59
-60
-59
-59
-58
-57
-57
-57
-57
-58
-58
-57
-56
-55
-54
-54
-53
-53
-53
-53
-53
-53
-53
-52
-52
-53
-54
-54
-54
-53
-53
-54
-55
-55
-54
-53
-53
-53
-53
-53
-53
-53
-54
-54
-55
-55
-56
-57
-59
-60
-63
-65
-67
-69
-70
-71
-71
-71
-72
-73
-75
-78
-81
-85
-88
-90
-92
-92
-92
-91
-87
-83
-77
-71
-64
-55
-47
-37
-25
-12
3
19
36
55
76
98
118
139
158
174
189
202
211
219
223
222
218
208
192
173
149
121
92
63
32
5
-18
-40
-57
-71
-81
-88
-92
-94
-92
-88
-82
-77
-71
-65
-61
-58
-56
-55
-55
-56
-58
-60
-61
-61
-62
-63
-63
-62
-61
-59
-57
-54
-53
-52
-51
-52
-53
-54
-55
-57
-58
-58
-58
-58
-59
-60
-60
-59
-58
-56
-55
-54
-53
-54
-54
-54
-54
-54
-54
-54
-54
-54
-54
-54
-53
-53
-53
-53
-54
-54
-55
-55
-54
-53
-53
-52
-51
-51
-49
-48
-47
-48
-48
-47
-46
-46
-46
-46
-47
-48
-49
-50
-50
-50
-51
-51
-52
-52
-52
-52
-52
-52
-52
-52
-51
-50
-49
-49
-48
-48
-48
-47
-47
-47
-47
-46
-46
-46
-46
-46
-46
-46
-45
-44
-43
-43
-44
-44
-45
-45
-44
-44
-43
-43
-42
-42
-42
-42
-42
-43
-43
-43
-43
-43
-43
-44
-44
-45
-45
-45
-45
-45
-45
-44
-44
-44
-44
-43
-43
-42
-41
-40
-39
-39
-39
-39
-39
-38
-37
-38
-38
-39
-39
-38
-38
-38
-39
-40
-40
-40
-40
-40
-40
-40
-39
-39
-39
-40
-40
-39
-39
-39
-39
-39
-39
-38
-38
-37
-36
-36
-36
-37
-38
-38
-37
-37
-37
-37
-37
-36
-36
-36
-36
-36
-36
-35
-35
-36
-36
-36
-36
-36
-37
-37
-37
-37
-37
-37
-37
-37
-36
-35
-34
-34
-35
-35
-35
-36
-36
-36
-36
-36
-37
-37
-38
-39
-39
-39
-39
-38
-38
-39
-39
-40
-40
-40
-39
-38
-37
-37
-36
-36
-36
-36
-36
-36
-36
-37
-37
-37
-36
-36
-35
-35
-35
-35
-36
-36
-36
-36
-35
-35
-34
-34
-34
-33
-33
-33
-33
-32
-31
-30
-28
-27
-27
-26
-26
-26
-25
-24
-24
-24
-24
-24
-23
-23
-21
-20
-19
-19
-19
-19
-19
-18
-17
-16
-15
-14
-13
-13
-12
-11
-11
-11
-11
-11
-11
-10
-9
-8
-7
-6
-5
-4
-3
-3
-3
-4
-4
-3
-3
-3
-2
-2
-2
-1
-1
-2
-2
-3
-2
-1
-1
-1
-1
-2
-2
-2
-2
-1
-2
-3
-4
-4
-5
-5
-4
-3
-2
-1
-2
-2
-2
-2
-2
-2
-3
-4
-5
-6
-6
-6
-5
-5
-5
-5
-5
-5
-6
-6
-7
-7
-7
-6
-6
-6
-6
-7
-8
-8
-9
-9
-9
-10
-10
-10
-9
-8
-8
-8
-8
-7
-7
-7
-8
-9
-9
-9
-8
-8
-8
-8
-8
-8
-8
-8
-9
-9
-8
-8
-7
-7
-7
-8
-8
-9
-9
-9
-9
-9
-8
-8
-9
-9
-10
-11
-11
-11
-10
-10
-10
-11
-12
-12
-12
-12
-13
-13
-13
-13
-13
-14
-14
-15
-15
-16
-15
-15
-14
-14
-13
-13
-12
-12
-12
-11
-11
-11
-11
-11
-10
-10
-10
-10
-10
-10
-11
-12
-12
-11
-10
-10
-11
-12
-13
-13
-13
-13
-13
-13
-13
-13
-13
-14
-15
-15
-15
-14
-14
-13
-13
-13
-12
-12
-13
-14
-14
-15
-15
-15
-15
-15
-15
-15
-14
-14
-14
-14
-14
-15
-15
-14
-14
-13
-13
-13
-14
-14
-15
-15
-15
-16
-16
-16
-16
-16
-15
-14
-13
-12
-12
-11
-10
-10
-10
-10
-9
-9
-10
-11
-11
-11
-10
-9
-10
-10
-10
-9
-9
-9
-9
-9
-9
-9
-9
-9
-8
-8
-7
-7
-7
-8
-8
-9
-9
-9
-9
-10
-10
-9
-9
-9
-9
-9
-9
-9
-9
-8
-7
-5
-4
-2
-1
-1
-1
-1
-1
-1
-1
-1
-1
0
1
2
2
2
2
2
3
5
7
9
10
11
11
12
13
13
14
14
14
14
14
14
13
13
12
11
10
11
11
11
10
9
8
8
8
8
8
8
8
8
8
8
8
7
7
6
6
6
6
7
8
8
9
10
11
11
12
10
8
5
3
0
-2
-3
-3
-5
-7
-9
-11
-12
-14
-16
-17
-18
-18
-17
-16
-16
-15
-14
-14
-14
-14
-15
-15
-15
-15
-15
-15
-16
-16
-17
-17
-18
-18
-18
-18
-18
-19
-19
-20
-20
-21
-22
-22
-21
-20
-20
-21
-20
-19
-17
-16
-16
-17
-17
-17
-17
-16
-15
-15
-15
-17
-18
-18
-19
-19
-18
-17
-16
-16
-16
-16
-16
-16
-16
-16
-16
-17
-17
-18
-19
-19
-20
-20
-20
-22
-24
-27
-31
-34
-37
-38
-40
-41
-43
-45
-48
-51
-54
-56
-59
-60
-59
-57
-53
-47
-41
-33
-24
-15
-4
8
21
33
47
64
84
105
126
147
168
188
207
225
240
255
268
277
285
290
292
290
284
274
260
242
220
196
168
140
113
87
62
41
23
6
-9
-23
-35
-45
-52
-58
-61
-64
-64
-62
-59
-57
-54
-51
-48
-45
-43
-43
-43
-42
-42
-41
-40
-40
-39
-38
-37
-36
-36
-36
-36
-37
-37
-38
-39
-40
-40
-39
-38
-37
-37
-37
-37
-36
-36
-35
-35
-35
-37
-38
-39
-40
-41
-41
-41
-40
-40
-39
-39
-39
-38
-38
-38
-38
-38
-39
-39
-38
-36
-35
-34
-33
-33
-32
-32
-33
-34
-35
-35
-34
-34
-35
-36
-36
-36
-37
-37
-37
-37
-36
-35
-35
-34
-34
-34
-34
-34
-34
-34
-34
-35
-35
-35
-35
-34
-34
-35
-36
-37
-37
-36
-36
-36
-36
-36
-36
-35
-35
-34
-33
-33
-33
-33
-33
-33
-33
-32
-32
-31
-30
-30
-30
-31
-31
-31
-31
-31
-29
-29
-29
-29
-29
-29
-29
-28
-28
-27
-28
-29
-30
-30
-29
-29
-28
-28
-28
-28
-28
-28
-27
-26
-26
-26
-26
-26
-26
-26
-26
-27
-28
-27
-27
-27
-27
-27
-27
-27
-27
-27
-26
-25
-26
-26
-27
-27
-27
-28
-28
-28
-28
-28
-28
-28
-28
-28
-28
-29
-29
-28
-28
-28
-28
-28
-28
-28
-29
-29
-29
-29
-30
-30
-31
-31
-31
-30
-29
-29
-29
-30
-30
-30
-30
-31
-31
-31
-31
-31
-31
-31
-31
-32
-32
-33
-34
-34
-34
-34
-33
-33
-33
-33
-33
-33
-34
-35
-35
-35
-34
-34
-34
-34
-35
-35
-35
-35
-35
-35
-35
-35
-35
-35
-35
-35
-35
-35
-35
-35
-35
-35
-35
-34
-33
-33
-33
-33
-33
-33
-32
-31
-30
-29
-28
-27
-26
-26
-25
-24
-22
-21
-20
-19
-18
-16
-15
-13
-12
-11
-10
-8
-7
-7
-6
-6
-4
-3
-2
-1
0
0
0
1
1
1
2
2
2
2
2
3
3
3
4
4
4
4
4
4
5
5
6
6
5
5
5
5
5
5
5
5
5
5
5
4
4
4
5
6
6
5
4
4
3
4
5
6
6
5
4
4
4
4
5
5
5
5
4
4
4
4
4
5
5
5
5
4
3
2
2
2
3
4
4
4
5
5
5
5
5
5
5
6
6
6
7
6
6
5
5
5
5
5
5
4
4
4
4
4
4
4
3
1
1
1
2
3
3
3
3
2
2
2
2
2
1
1
0
0
1
0
0
0
-1
-1
-1
-1
-2
-2
-2
-2
-2
-3
-3
-3
-3
-3
-2
-1
-2
-2
-3
-4
-4
-4
-4
-4
-4
-4
-4
-3
-3
-3
-3
-3
-3
-3
-3
-3
-3
-3
-3
-3
-3
-3
-2
-1
-1
-2
-3
-3
-3
-3
-3
-2
-3
-3
-4
-4
-3
-2
-2
-2
-3
-3
-3
-3
-3
-3
-3
-4
-5
-5
-5
-5
-6
-6
-6
-7
-7
-7
-7
-6
-6
-6
-6
-5
-4
-3
-3
-3
-3
-3
-3
-3
-3
-2
-2
-2
-3
-3
-3
-3
-3
-3
-3
-3
-3
-4
-4
-4
-4
-4
-4
-4
-3
-3
-4
-5
-5
-4
-4
-3
-4
-4
-4
-4
-4
-4
-4
-4
-3
-3
-3
-4
-4
-3
-3
-2
-1
-1
-1
0
0
0
-1
-2
-2
-2
-2
-2
-2
-2
-2
-3
-3
-3
-2
-2
-2
-2
-2
-2
-1
-1
1
2
4
5
6
7
7
8
8
9
10
11
11
12
12
13
13
13
14
14
14
14
15
16
17
18
18
19
19
19
20
20
21
22
23
23
24
24
23
22
21
21
21
21
21
21
21
20
19
19
19
19
18
17
17
17
17
16
15
13
13
13
13
13
13
13
13
14
15
17
18
20
21
22
22
22
21
19
17
16
15
14
12
11
9
7
6
5
3
2
1
0
-1
-2
-3
-3
-3
-3
-3
-4
-5
-6
-7
-8
-9
-10
-11
-12
-12
-12
-11
-10
-10
-9
-8
-9
-9
-10
-11
-12
-12
-12
-12
-12
-12
-13
-13
-13
-14
-14
-14
-14
-14
-14
-14
-14
-14
-14
-15
-15
-15
-15
-15
-14
-14
-14
-14
-14
-14
-13
-13
-12
-13
-14
-15
-16
-16
-17
-17
-18
-18
-19
-20
-23
-26
-29
-32
-34
-37
-39
-40
-42
-44
-46
-49
-51
-54
-55
-56
-56
-54
-50
-43
-35
-26
-15
-3
9
23
37
53
71
91
114
138
163
186
210
231
249
266
280
290
297
299
296
288
272
250
223
190
153
117
82
49
20
-5
-26
-42
-53
-60
-64
-64
-62
-58
-53
-47
-39
-32
-26
-21
-17
-16
-17
-19
-22
-26
-29
-33
-35
-37
-38
-37
-34
-31
-28
-26
-24
-23
-22
-22
-23
-25
-27
-29
-30
-31
-32
-33
-33
-31
-29
-27
-26
-25
-24
-24
-25
-27
-29
-30
-31
-31
-31
-31
-32
-32
-31
-30
-28
-27
-26
-26
-26
-27
-28
-30
-31
-31
-31
-31
-32
-32
-32
-31
-30
-29
-28
-28
-28
-28
-28
-27
-27
-27
-28
-29
-29
-29
-29
-29
-28
-28
-28
-28
-28
-27
-27
-27
-27
-27
-27
-27
-27
-27
-26
-25
-24
-23
-22
-22
-22
-23
-23
-23
-23
-22
-22
-21
-20
-20
-21
-22
-23
-22
-22
-21
-20
-20
-21
-22
-22
-22
-21
-21
-22
-22
-23
-23
-24
-24
-25
-25
-25
-25
-25
-25
-25
-25
-24
-24
-24
-24
-24
-24
-24
-23
-23
-23
-23
-23
-23
-23
-22
-21
-21
-20
-20
-20
-20
-20
-21
-21
-21
-20
-19
-19
-19
-20
-19
-19
-19
-19
-19
-18
-18
-17
-17
-16
-16
-15
-14
-13
-15
-16
-17
-17
-16
-16
-15
-15
-15
-16
-16
-17
-17
-18
-17
-17
-17
-17
-18
-18
-19
-20
-20
-20
-20
-20
-20
-20
-19
-19
-20
-20
-20
-20
-20
-20
-20
-20
-20
-19
-19
-19
-20
-21
-21
-21
-21
-21
-21
-22
-21
-21
-20
-21
-21
-21
-20
-20
-19
-19
-18
-18
-18
-18
-18
-18
-18
-18
-17
-17
-15
-14
-14
-14
-13
-12
-11
-10
-8
-7
-5
-4
-3
-2
-1
0
1
1
2
2
3
4
4
4
4
4
5
5
6
6
6
6
6
7
8
9
9
9
9
9
9
9
10
11
11
11
11
11
10
10
10
10
10
10
10
10
10
10
10
10
10
10
9
8
8
7
8
9
9
9
9
8
8
8
7
7
7
7
6
6
6
7
7
7
7
7
7
7
7
6
6
6
6
7
8
9
9
8
7
7
8
8
8
7
6
6
5
5
5
5
5
5
5
5
4
4
3
3
3
3
2
2
1
0
0
0
0
0
0
0
0
-1
-1
-1
-1
0
0
0
0
1
0
0
-2
-2
-2
-2
-2
-3
-4
-5
-5
-6
-6
-6
-6
-5
-4
-4
-4
-4
-4
-4
-4
-4
-4
-4
-3
-3
-3
-3
-4
-4
-3
-2
-3
-3
-4
-5
-5
-5
-5
-4
-4
-5
-5
-5
-4
-4
-5
-6
-6
-7
-7
-7
-7
-6
-6
-6
-6
-7
-7
-8
-7
-7
-6
-6
-6
-6
-6
-7
-7
-6
-6
-6
-6
-6
-6
-5
-5
-4
-4
-3
-3
-2
-3
-4
-4
-4
-4
-3
-3
-2
-2
-2
-3
-3
-2
-2
-2
-2
-3
-3
-3
-3
-3
-2
-3
-3
-3
-4
-5
-5
-5
-5
-5
-6
-7
-7
-7
-7
-6
-4
-3
-3
-4
-5
-5
-5
-5
-5
-5
-5
-4
-3
-3
-4
-4
-4
-3
-3
-3
-2
-3
-3
-4
-4
-3
-2
-1
0
0
1
1
1
1
2
3
4
6
6
7
7
7
8
8
9
9
10
10
11
12
12
13
13
13
13
13
14
14
14
14
15
15
16
16
17
17
18
18
18
19
19
19
20
20
20
20
19
19
19
19
19
18
17
16
15
15
15
16
15
15
14
14
14
14
14
14
15
15
15
15
15
14
13
13
13
14
14
15
16
17
18
20
21
20
19
18
17
15
13
11
9
7
6
5
3
0
-3
-5
-6
-8
-9
-11
-12
-12
-13
-13
-13
-12
-12
-12
-12
-12
-12
-13
-13
-13
-14
-14
-14
-14
-14
-14
-14
-14
-14
-14
-14
-15
-15
-15
-15
-15
-15
-16
-16
-16
-16
-15
-15
-13
-12
-12
-12
-12
-13
-14
-15
-15
-14
-14
-15
-16
-16
-16
-16
-16
-16
-16
-17
-16
-16
-17
-18
-18
-19
-20
-21
-23
-25
-27
-28
-30
-33
-36
-39
-41
-42
-43
-44
-46
-46
-47
-48
-51
-55
-59
-62
-65
-67
-67
-67
-65
-63
-60
-55
-50
-44
-36
-27
-17
-6
5
17
31
45
61
78
96
116
138
160
181
202
222
239
255
267
277
284
286
284
277
261
241
215
184
150
116
82
49
21
-3
-23
-37
-47
-53
-57
-57
-55
-51
-45
-39
-33
-28
-23
-19
-16
-14
-14
-15
-18
-21
-24
-26
-28
-29
-28
-27
-26
-25
-23
-21
-20
-18
-18
-18
-19
-20
-21
-23
-24
-25
-26
-26
-26
-25
-23
-22
-21
-20
-20
-20
-20
-21
-22
-22
-23
-24
-24
-24
-23
-23
-24
-24
-24
-23
-23
-22
-21
-20
-20
-20
-20
-21
-22
-22
-21
-20
-20
-19
-18
-18
-18
-17
-17
-17
-17
-17
-17
-18
-18
-19
-19
-20
-20
-20
-20
-19
-19
-19
-18
-19
-19
-19
-18
-18
-18
-18
-18
-18
-18
-18
-17
-16
-15
-14
-14
-13
-14
-14
-14
-15
-15
-14
-14
-14
-14
-14
-14
-13
-13
-14
-14
-15
-15
-15
-15
-15
-14
-14
-13
-13
-12
-12
-12
-12
-12
-13
-13
-13
-14
-14
-14
-13
-13
-12
-13
-13
-13
-12
-11
-10
-11
-12
-12
-13
-13
-13
-13
-12
-11
-10
-10
-11
-11
-12
-12
-12
-12
-12
-12
-13
-13
-12
-11
-10
-9
-9
-9
-9
-9
-10
-10
-10
-10
-10
-10
-10
-10
-10
-10
-10
-11
-11
-11
-11
-10
-8
-8
-8
-9
-9
-9
-10
-10
-10
-10
-10
-10
-10
-10
-11
-11
-10
-10
-9
-9
-9
-9
-10
-11
-10
-9
-9
-9
-9
-9
-8
-8
-8
-8
-9
-9
-8
-8
-8
-8
-8
-8
-9
-9
-9
-10
-9
-9
-9
-10
-10
-11
-10
-9
-8
-8
-7
-7
-6
-6
-6
-5
-5
-3
-2
0
0
1
1
2
3
4
5
5
6
7
7
7
7
8
8
9
9
10
11
11
11
11
11
10
10
11
12
14
15
16
16
15
15
15
14
14
15
15
15
15
15
14
14
14
14
14
13
13
12
12
12
11
11
12
12
12
11
11
11
11
11
11
10
10
10
11
11
11
11
11
11
12
12
13
13
12
12
11
11
10
10
10
10
10
9
9
8
8
8
9
9
10
9
9
9
9
9
9
9
9
9
9
8
7
6
6
6
6
5
5
5
6
6
6
6
5
6
6
7
7
6
6
5
5
4
3
2
2
1
1
1
1
1
1
1
1
0
0
0
1
2
2
2
2
2
2
1
1
1
1
2
2
2
1
0
0
1
1
1
1
1
0
-1
-1
-1
-1
-2
-2
-2
-2
-3
-3
-3
-3
-3
-3
-3
-3
-3
-3
-3
-3
-3
-3
-3
-3
-4
-4
-3
-3
-3
-2
-1
0
0
0
0
0
-1
-1
-1
-1
-1
0
0
-1
-2
-3
-3
-3
-2
-3
-3
-4
-5
-6
-7
-7
-7
-7
-6
-6
-6
-6
-6
-6
-5
-5
-4
-4
-4
-3
-3
-3
-3
-3
-3
-3
-4
-4
-4
-4
-4
-4
-6
-8
-9
-8
-7
-6
-6
-7
-7
-6
-6
-6
-6
-5
-5
-5
-5
-4
-4
-3
-3
-2
-1
-1
-1
-1
-1
-2
-2
-2
-2
-1
-1
0
0
0
0
1
1
2
2
3
4
6
7
8
8
8
8
8
8
9
9
11
12
12
12
12
11
11
11
11
11
11
12
13
14
15
16
16
16
16
17
17
18
19
20
21
20
20
20
20
21
21
21
20
19
19
19
19
19
19
19
19
19
17
16
16
15
16
16
17
17
17
17
16
14
13
12
12
12
11
10
11
12
14
16
16
17
17
17
17
16
14
13
12
11
10
9
7
6
4
3
2
0
-1
-3
-4
-5
-6
-7
-7
-6
-5
-4
-4
-5
-5
-6
-7
-8
-9
-9
-9
-8
-8
-7
-7
-7
-6
-6
-7
-7
-8
-8
-9
-9
-9
-10
-10
-11
-12
-13
-13
-13
-13
-13
-13
-13
-13
-13
-14
-14
-14
-13
-13
-12
-12
-12
-12
-12
-12
-13
-13
-13
-12
-11
-11
-11
-12
-12
-12
-12
-11
-11
-10
-10
-10
-10
-9
-9
-9
-9
-9
-10
-10
-11
-11
-12
-13
-14
-15
-18
-21
-24
-26
-28
-30
-33
-36
-38
-41
-43
-46
-50
-53
-54
-54
-52
-48
-43
-37
-29
-20
-11
0
11
24
39
55
74
95
117
141
165
187
207
225
240
252
262
266
268
264
253
238
218
190
161
131
100
70
43
17
-6
-24
-39
-51
-57
-60
-60
-59
-55
-49
-43
-36
-30
-25
-22
-20
-19
-19
-21
-23
-26
-28
-31
-32
-33
-33
-33
-32
-32
-30
-29
-27
-26
-25
-25
-25
-26
-28
-29
-30
-30
-30
-29
-28
-28
-27
-25
-24
-23
-21
-21
-22
-23
-24
-25
-25
-25
-25
-24
-23
-22
-22
-21
-21
-21
-21
-20
-20
-21
-22
-22
-22
-22
-23
-23
-23
-24
-26
-26
-25
-24
-24
-23
-23
-23
-24
-24
-24
-24
-24
-24
-23
-23
-24
-25
-25
-24
-24
-24
-23
-24
-24
-24
-25
-25
-24
-24
-24
-23
-23
-23
-22
-22
-21
-21
-22
-24
-25
-24
-24
-23
-23
-23
-23
-23
-23
-23
-23
-23
-23
-22
-22
-22
-21
-21
-20
-20
-20
-20
-19
-19
-18
-18
-17
-17
-17
-17
-16
-16
-17
-17
-18
-19
-20
-20
-20
-20
-21
-22
-23
-23
-24
-23
-22
-21
-21
-20
-20
-19
-19
-18
-17
-17
-17
-18
-19
-18
-17
-16
-16
-16
-17
-17
-17
-18
-17
-17
-17
-17
-16
-16
-16
-17
-17
-18
-18
-18
-18
-18
-17
-17
-17
-17
-17
-17
-17
-17
-17
-16
-17
-17
-18
-19
-19
-19
-20
-21
-21
-21
-22
-22
-22
-23
-23
-24
-25
-25
-24
-23
-24
-24
-24
-24
-24
-24
-25
-27
-28
-29
-30
-29
-27
-26
-26
-26
-26
-25
-24
-23
-23
-23
-22
-22
-21
-21
-20
-20
-21
-21
-21
-22
-22
-22
-22
-22
-22
-21
-21
-20
-19
-19
-17
-16
-16
-16
-16
-15
-15
-14
-13
-12
-11
-10
-9
-8
-7
-7
-6
-5
-4
-3
-2
-1
0
0
1
2
3
4
4
5
5
6
7
8
10
11
12
13
13
12
12
12
12
12
12
11
11
10
10
10
10
10
10
10
10
10
10
10
10
11
11
11
11
11
10
10
11
11
12
12
11
11
10
10
10
11
11
11
10
9
9
10
11
11
11
11
11
11
12
12
13
14
15
16
16
16
15
14
13
13
13
13
12
12
11
10
9
8
9
10
10
10
10
9
9
9
8
8
7
7
7
7
6
5
5
5
5
5
5
5
4
4
3
3
2
3
3
4
4
4
3
3
4
4
4
3
3
3
3
4
5
5
5
5
4
4
4
3
2
1
1
1
1
1
1
2
2
2
2
3
5
6
5
4
3
4
4
4
3
3
2
2
2
2
2
2
1
1
1
1
1
2
2
3
4
4
4
4
4
4
4
3
3
2
2
1
0
-1
-1
0
0
0
-1
-1
-1
-1
0
1
2
3
3
3
2
1
1
2
3
4
5
5
5
4
3
2
2
1
2
3
3
3
3
3
3
2
2
2
1
1
0
0
0
1
1
1
1
1
1
1
1
1
1
1
2
2
2
1
1
2
2
1
0
0
-1
-1
0
0
0
0
0
1
1
1
2
3
4
5
6
7
8
9
10
11
13
15
15
15
15
16
17
17
17
18
18
18
18
19
19
20
20
21
21
22
22
22
22
22
23
24
25
25
25
25
25
25
26
26
27
26
25
24
23
23
23
23
23
22
22
21
21
20
20
20
20
21
21
21
21
21
21
20
19
18
18
18
18
19
19
19
20
21
22
23
24
25
26
26
26
26
26
26
25
23
21
18
16
15
14
12
9
7
6
5
4
3
1
0
-1
-1
-2
-2
-3
-4
-4
-5
-6
-8
-9
-10
-11
-11
-11
-10
-9
-8
-7
-7
-8
-8
-8
-7
-7
-7
-7
-7
-8
-8
-8
-8
-8
-8
-9
-9
-10
-11
-11
-10
-10
-10
-12
-13
-12
-11
-9
-9
-8
-8
-9
-10
-11
-12
-12
-11
-10
-9
-8
-8
-8
-9
-10
-10
-10
-10
-9
-9
-9
-9
-11
-12
-13
-14
-15
-16
-18
-20
-23
-25
-28
-30
-32
-33
-35
-36
-39
-41
-44
-47
-50
-51
-52
-51
-50
-47
-43
-37
-31
-23
-14
-5
6
17
30
45
62
81
102
124
147
169
192
212
231
248
262
273
280
282
280
272
257
238
214
184
153
121
89
58
31
6
-15
-31
-45
-54
-59
-62
-62
-59
-54
-48
-41
-35
-30
-26
-24
-23
-23
-23
-24
-26
-28
-30
-31
-32
-31
-30
-29
-27
-25
-24
-23
-23
-22
-22
-23
-24
-26
-27
-29
-30
-31
-31
-30
-29
-27
-26
-26
-25
-26
-26
-27
-27
-27
-27
-27
-28
-29
-29
-29
-28
-27
-27
-26
-26
-26
-26
-26
-26
-26
-27
-27
-27
-27
-27
-28
-28
-27
-27
-26
-25
-25
-24
-24
-23
-23
-24
-25
-25
-25
-25
-24
-24
-24
-24
-24
-24
-24
-24
-24
-24
-23
-23
-23
-23
-23
-23
-23
-23
-23
-24
-24
-23
-23
-23
-22
-22
-22
-22
-23
-23
-23
-24
-24
-24
-24
-24
-23
-23
-24
-25
-25
-25
-25
-24
-24
-24
-23
-24
-24
-24
-24
-24
-24
-24
-24
-23
-22
-22
-21
-20
-20
-20
-19
-19
-19
-19
-19
-19
-19
-19
-19
-19
-19
-19
-19
-21
-22
-23
-23
-23
-22
-21
-21
-21
-20
-21
-21
-22
-22
-22
-22
-22
-23
-23
-23
-22
-21
-21
-21
-21
-20
-20
-19
-19
-19
-19
-19
-20
-19
-19
-18
-17
-16
-16
-16
-17
-17
-16
-16
-16
-16
-16
-16
-16
-17
-17
-17
-17
-17
-17
-18
-18
-19
-20
-20
-20
-20
-19
-19
-19
-20
-20
-20
-21
-21
-21
-21
-22
-22
-23
-23
-23
-23
-23
-24
-24
-24
-24
-24
-23
-23
-24
-24
-24
-24
-23
-23
-23
-23
-23
-23
-23
-23
-24
-24
-24
-25
-24
-23
-22
-22
-22
-22
-22
-21
-20
-20
-20
-20
-20
-19
-17
-16
-14
-13
-13
-12
-10
-9
-7
-6
-4
-3
-1
1
2
3
3
4
5
6
6
7
7
7
7
8
9
10
11
11
12
12
13
14
14
14
15
15
16
15
14
14
13
14
14
14
14
14
14
14
14
13
12
13
14
15
15
15
15
15
15
15
15
15
15
15
15
16
16
16
16
15
15
15
15
15
15
15
16
16
16
16
16
16
16
16
17
17
17
17
16
15
15
15
15
15
15
15
14
14
13
12
12
12
12
12
12
11
11
11
11
11
10
10
10
10
10
10
10
10
10
10
10
10
10
9
9
8
8
8
8
8
7
7
6
6
6
7
7
6
6
5
4
4
4
4
4
4
4
4
3
3
3
4
4
4
4
4
4
4
4
4
5
5
4
3
2
2
2
3
2
2
2
2
2
2
3
3
4
4
4
4
3
3
4
4
4
3
2
2
2
1
1
1
1
1
1
1
0
0
0
0
0
1
1
1
1
1
1
1
1
1
1
0
0
0
0
0
1
1
2
2
2
2
2
2
2
2
2
2
3
3
4
4
3
2
1
2
3
3
2
1
1
1
1
2
3
3
2
1
0
0
0
0
0
1
1
1
0
0
0
0
-1
-1
-1
0
0
1
1
1
1
1
1
1
1
1
1
2
2
2
2
2
2
2
2
2
2
2
1
1
1
1
2
2
2
2
2
2
3
3
4
4
4
5
7
7
7
6
5
6
7
8
9
11
12
13
14
15
15
15
16
16
17
17
17
18
18
19
19
20
20
20
20
20
21
21
22
23
25
25
26
26
27
27
27
28
28
28
27
27
26
26
26
26
25
24
23
23
22
22
21
20
20
20
20
21
21
20
18
17
17
18
18
18
18
18
19
19
20
21
22
23
23
23
22
21
20
18
17
16
14
13
12
10
8
6
3
1
0
-2
-3
-4
-4
-5
-5
-4
-4
-3
-3
-3
-3
-3
-5
-6
-7
-7
-7
-8
-7
-7
-7
-7
-7
-7
-8
-8
-8
-8
-8
-8
-8
-7
-6
-5
-5
-5
-5
-6
-6
-6
-6
-7
-7
-7
-8
-8
-9
-9
-9
-9
-9
-9
-9
-9
-9
-9
-9
-9
-9
-8
-7
-7
-7
-8
-8
-9
-9
-9
-9
-8
-8
-8
-8
-8
-9
-10
-11
-11
-12
-13
-15
-17
-20
-23
-26
-29
-31
-34
-36
-38
-40
-42
-44
-46
-49
-51
-53
-53
-51
-49
-44
-38
-30
-21
-11
0
11
23
36
52
69
88
107
128
150
173
196
217
238
256
271
284
293
296
297
294
287
276
257
234
206
174
138
104
73
43
17
-3
-21
-36
-46
-53
-56
-56
-54
-50
-45
-39
-34
-28
-23
-20
-18
-17
-17
-19
-22
-25
-28
-30
-32
-33
-33
-32
-31
-29
-27
-25
-23
-21
-21
-21
-22
-24
-26
-28
-29
-29
-29
-29
-28
-27
-26
-25
-24
-24
-24
-24
-25
-26
-27
-27
-28
-27
-27
-28
-28
-28
-29
-29
-28
-28
-27
-27
-27
-27
-28
-29
-30
-30
-29
-29
-29
-29
-28
-27
-27
-27
-27
-28
-27
-27
-26
-26
-26
-26
-27
-27
-27
-27
-27
-27
-27
-27
-26
-26
-26
-26
-26
-26
-26
-26
-25
-25
-24
-24
-24
-24
-23
-23
-22
-22
-21
-21
-21
-21
-21
-21
-21
-21
-21
-20
-20
-19
-19
-20
-20
-20
-19
-19
-19
-19
-18
-19
-19
-18
-18
-17
-18
-20
-21
-21
-21
-20
-19
-19
-18
-19
-19
-19
-20
-20
-20
-20
-20
-20
-20
-20
-19
-19
-19
-19
-19
-19
-19
-19
-20
-20
-20
-19
-19
-19
-19
-19
-19
-19
-19
-19
-19
-19
-19
-19
-18
-18
-18
-18
-17
-16
-16
-17
-17
-17
-17
-16
-16
-16
-15
-14
-14
-14
-15
-16
-15
-14
-12
-12
-12
-13
-13
-13
-14
-14
-15
-15
-15
-15
-16
-17
-18
-18
-17
-17
-16
-16
-16
-16
-16
-16
-15
-15
-15
-15
-15
-15
-15
-15
-15
-16
-16
-17
-17
-18
-18
-18
-17
-16
-15
-15
-16
-16
-16
-16
-15
-14
-13
-13
-12
-13
-13
-14
-14
-14
-14
-14
-15
-15
-16
-17
-16
-15
-13
-12
-12
-12
-12
-12
-12
-12
-12
-13
-13
-13
-12
-11
-11
-10
-10
-10
-10
-10
-10
-9
-8
-7
-7
-6
-5
-3
-1
0
1
1
2
3
3
3
3
4
4
5
7
8
9
10
10
11
10
10
10
11
12
12
13
13
12
11
11
10
11
11
11
12
12
11
11
10
10
10
10
10
10
10
10
10
10
10
10
10
10
10
10
10
10
9
9
9
10
10
9
9
9
8
8
8
8
8
8
7
7
7
7
7
8
8
8
8
8
8
8
8
8
9
9
9
8
8
9
9
9
9
9
9
9
9
9
9
8
8
8
7
6
5
5
5
5
5
6
7
7
8
8
9
9
9
10
10
10
10
10
10
10
10
10
10
10
10
10
10
10
10
11
11
12
11
11
11
12
13
14
15
15
16
16
16
16
16
16
16
16
16
17
17
18
18
18
19
20
21
20
19
18
16
15
15
15
16
17
19
21
23
23
23
22
21
20
19
19
19
19
19
19
19
19
18
18
17
16
14
13
12
11
9
8
7
6
6
5
3
1
0
-1
-2
-3
-4
-5
-5
-5
-6
-7
-8
-9
-9
-9
-9
-8
-9
-10
-11
-12
-14
-15
-15
-16
-16
-16
-15
-14
-14
-14
-14
-14
-15
-16
-17
-17
-17
-17
-17
-17
-17
-17
-18
-17
-17
-17
-16
-16
-15
-15
-15
-15
-15
-15
-14
-13
-12
-12
-12
-13
-13
-14
-13
-12
-12
-10
-10
-10
-11
-11
-11
-10
-10
-10
-11
-11
-10
-10
-10
-11
-11
-10
-10
-10
-11
-12
-13
-13
-13
-13
-14
-16
-18
-20
-22
-24
-26
-29
-32
-35
-38
-41
-44
-46
-47
-49
-52
-55
-58
-60
-61
-61
-59
-56
-50
-43
-34
-25
-14
-3
10
23
36
50
65
83
103
124
145
167
188
208
227
244
256
266
274
280
283
280
273
260
240
216
188
156
121
89
59
31
7
-13
-30
-42
-50
-55
-57
-56
-53
-49
-43
-37
-31
-25
-21
-19
-18
-18
-20
-22
-24
-26
-29
-32
-35
-36
-35
-33
-31
-29
-27
-25
-24
-23
-24
-25
-26
-26
-27
-29
-29
-30
-31
-31
-31
-29
-27
-26
-25
-24
-24
-24
-25
-26
-28
-29
-30
-31
-31
-31
-30
-29
-28
-27
-26
-26
-25
-25
-25
-25
-25
-24
-25
-25
-25
-26
-26
-27
-26
-25
-25
-25
-26
-27
-28
-28
-28
-27
-27
-28
-29
-29
-29
-28
-27
-26
-25
-24
-24
-23
-23
-23
-23
-23
-23
-23
-23
-23
-23
-22
-22
-21
-21
-21
-22
-22
-22
-22
-22
-22
-21
-20
-21
-22
-23
-24
-24
-23
-23
-23
-24
-24
-25
-25
-25
-25
-24
-24
-23
-22
-21
-21
-21
-21
-21
-21
-20
-20
-20
-20
-20
-20
-20
-19
-19
-19
-20
-20
-20
-20
-19
-19
-18
-18
-18
-18
-19
-18
-18
-17
-17
-16
-16
-16
-17
-17
-17
-17
-17
-18
-18
-18
-17
-17
-17
-18
-18
-18
-18
-18
-18
-18
-18
-18
-18
-18
-19
-19
-18
-17
-17
-17
-17
-17
-17
-17
-17
-17
-17
-17
-16
-16
-16
-16
-16
-16
-17
-17
-17
-17
-17
-17
-17
-17
-17
-17
-16
-16
-16
-15
-15
-15
-14
-14
-15
-16
-16
-15
-15
-16
-17
-17
-18
-17
-17
-18
-18
-19
-18
-18
-19
-19
-20
-20
-20
-20
-19
-19
-19
-19
-19
-19
-20
-19
-19
-18
-18
-17
-18
-17
-16
-16
-15
-15
-15
-14
-14
-14
-14
-14
-14
-14
-14
-14
-14
-14
-13
-13
-12
-11
-10
-10
-10
-10
-11
-10
-10
-10
-10
-10
-9
-7
-6
-5
-4
-4
-4
-4
-4
-3
-3
-2
-1
0
0
1
1
1
0
-1
0
1
2
2
2
2
3
4
5
6
7
7
8
9
8
8
7
7
7
7
7
7
6
6
6
6
6
6
5
4
4
4
5
4
2
1
1
2
2
3
3
3
3
3
4
6
7
7
8
8
8
8
8
9
9
8
7
7
6
6
6
6
6
5
5
5
5
5
4
4
4
5
5
5
5
5
4
3
3
3
3
3
4
4
3
3
3
4
4
3
3
3
3
4
3
3
2
1
1
1
1
1
1
1
0
-1
-2
-4
-5
-5
-6
-6
-6
-7
-7
-7
-6
-5
-4
-3
-3
-4
-4
-4
-4
-4
-3
-3
-4
-4
-4
-5
-5
-5
-6
-6
-7
-7
-7
-7
-6
-5
-6
-6
-6
-6
-6
-5
-3
-3
-3
-5
-5
-5
-5
-5
-4
-4
-3
-3
-3
-3
-4
-4
-5
-5
-5
-4
-4
-3
-4
-5
-5
-5
-5
-5
-4
-3
-3
-3
-3
-3
-3
-3
-4
-4
-4
-3
-3
-4
-5
-6
-5
-5
-5
-5
-5
-5
-6
-6
-5
-5
-4
-5
-5
-5
-5
-5
-5
-5
-5
-5
-5
-6
-7
-9
-10
-10
-10
-9
-8
-7
-7
-8
-8
-9
-9
-9
-8
-8
-8
-8
-9
-9
-8
-8
-8
-8
-8
-7
-6
-5
-4
-3
-3
-2
-2
-2
-2
-2
-2
-2
-2
-2
-2
-3
-4
-4
-4
-3
-2
-3
-4
-4
-4
-4
-4
-4
-4
-4
-4
-5
-5
-6
-7
-7
-8
-8
-8
-8
-8
-8
-8
-9
-9
-8
-8
-7
-7
-8
-8
-9
-9
-9
-9
-8
-7
-6
-6
-6
-6
-5
-5
-4
-4
-4
-4
-5
-5
-5
-5
-5
-5
-4
-4
-5
-4
-4
-4
-3
-3
-3
-2
-2
-2
-1
-1
-1
0
1
1
1
1
0
1
0
0
-1
-2
-3
-4
-4
-3
-3
-3
-3
-3
-4
-5
-5
-4
-4
-4
-4
-4
-4
-4
-4
-4
-4
-5
-5
-6
-6
-6
-6
-6
-6
-5
-5
-4
-3
-3
-4
-4
-4
-4
-4
-4
-4
-4
-4
-5
-5
-5
-5
-5
-6
-6
-6
-6
-5
-4
-4
-3
-3
-3
-3
-2
-2
-1
-1
0
0
0
0
-1
-1
-1
-1
0
-1
-1
-1
-1
-2
-2
-2
-3
-3
-4
-4
-4
-3
-2
-2
-3
-3
-2
-1
-1
-1
-2
-2
-1
-1
-2
-3
-3
-2
-1
-1
0
1
2
2
3
3
4
5
6
8
9
9
10
10
10
10
10
10
10
10
11
12
12
11
11
13
14
15
15
16
16
17
18
19
20
20
21
21
21
21
21
21
20
20
20
21
21
20
20
20
19
18
18
16
15
15
14
14
14
15
15
15
15
16
16
17
16
15
14
13
13
12
10
9
8
9
10
10
9
9
9
10
11
12
13
14
14
15
15
15
15
14
13
11
9
8
6
5
3
2
2
1
-1
-2
-4
-5
-6
-7
-6
-6
-6
-7
-8
-9
-10
-10
-11
-11
-11
-11
-10
-10
-9
-8
-8
-9
-10
-9
-9
-8
-9
-10
-11
-12
-12
-12
-13
-15
-16
-17
-18
-18
-17
-16
-17
-17
-17
-17
-16
-15
-14
-14
-14
-14
-15
-15
-16
-16
-15
-15
-15
-15
-15
-16
-16
-17
-17
-17
-16
-16
-17
-17
-18
-19
-19
-20
-22
-23
-25
-27
-30
-34
-36
-36
-36
-37
-39
-41
-44
-48
-50
-52
-53
-52
-50
-47
-43
-36
-29
-22
-13
-4
6
16
28
42
57
75
94
115
135
157
177
197
216
234
249
262
273
282
289
293
290
285
275
259
240
216
189
160
132
104
78
55
33
13
-4
-20
-32
-42
-50
-56
-61
-64
-64
-62
-60
-57
-54
-51
-49
-46
-45
-44
-43
-42
-41
-40
-38
-36
-34
-32
-30
-29
-28
-28
-28
-28
-29
-29
-29
-29
-29
-29
-29
-29
-29
-29
-29
-29
-29
-30
-31
-31
-32
-32
-33
-33
-34
-34
-34
-34
-34
-34
-33
-31
-31
-31
-31
-31
-31
-31
-31
-32
-32
-32
-32
-31
-31
-30
-30
-29
-29
-29
-29
-30
-30
-29
-29
-28
-27
-27
-28
-29
-29
-29
-29
-29
-28
-28
-28
-29
-29
-29
-29
-29
-29
-29
-29
-29
-28
-28
-27
-27
-27
-27
-27
-26
-26
-26
-26
-26
-26
-25
-25
-25
-25
-25
-24
-23
-23
-23
-24
-25
-25
-25
-24
-24
-24
-25
-25
-25
-25
-25
-24
-24
-24
-24
-24
-24
-23
-22
-22
-22
-22
-22
-22
-22
-23
-24
-25
-26
-25
-25
-25
-26
-26
-26
-25
-24
-24
-24
-24
-24
-23
-23
-23
-22
-22
-21
-21
-21
-21
-21
-20
-20
-19
-19
-19
-19
-19
-19
-18
-18
-17
-17
-17
-16
-15
-15
-15
-16
-16
-17
-17
-17
-16
-16
-15
-16
-16
-17
-17
-17
-17
-15
-15
-15
-15
-15
-15
-15
-14
-13
-13
-14
-15
-16
-15
-14
-14
-14
-14
-15
-16
-17
-18
-18
-19
-20
-20
-21
-22
-23
-23
-24
-24
-24
-24
-24
-25
-25
-26
-26
-26
-26
-25
-25
-25
-26
-27
-28
-29
-30
-30
-29
-29
-30
-32
-33
-34
-34
-33
-32
-32
-32
-33
-34
-33
-32
-31
-31
-30
-31
-31
-31
-31
-30
-30
-30
-30
-30
-30
-29
-29
-28
-28
-28
-28
-27
-26
-25
-24
-23
-23
-22
-22
-22
-21
-20
-19
-18
-16
-15
-15
-15
-14
-14
-14
-13
-11
-10
-9
-8
-7
-6
-4
-4
-3
-2
-2
-2
-1
0
2
3
4
5
6
6
6
7
8
9
9
10
10
11
11
11
11
11
12
13
15
16
16
15
15
16
17
18
18
19
19
19
18
17
17
17
17
17
17
17
17
16
14
14
15
16
16
15
14
14
13
13
13
13
13
13
13
13
13
13
13
12
12
12
13
13
14
13
13
13
13
13
13
12
12
12
12
12
12
11
11
10
10
10
11
11
11
11
11
10
10
10
10
10
10
10
10
11
11
11
10
10
10
10
10
10
9
9
9
9
9
10
10
10
9
9
8
9
9
9
9
10
10
10
9
8
6
6
6
6
5
4
4
4
4
4
4
3
3
2
2
3
3
3
3
3
3
3
3
3
4
4
4
4
5
4
4
4
4
4
4
5
6
6
6
5
5
5
5
5
5
5
5
5
5
5
4
4
4
4
4
4
4
4
4
4
4
5
4
3
2
2
2
3
4
4
4
4
4
3
2
1
1
1
1
1
1
1
-1
-2
-2
-2
-2
-1
0
0
0
0
0
0
0
1
1
2
2
2
1
1
1
1
1
1
1
1
0
0
0
0
0
1
1
1
1
2
2
2
2
1
0
0
0
1
1
2
2
2
2
2
2
2
2
2
2
2
2
2
2
2
2
2
2
1
1
0
-1
-1
-1
0
1
2
3
3
4
4
5
6
7
8
10
12
14
15
14
14
15
15
15
14
13
13
14
15
16
17
18
19
21
21
21
20
20
21
22
22
22
22
23
23
23
23
24
24
23
23
22
22
22
22
22
22
22
22
22
22
22
21
21
20
19
17
17
17
17
17
18
18
17
16
15
14
14
14
15
17
19
20
21
22
22
23
22
22
21
19
17
16
15
14
13
12
10
8
7
5
3
2
1
-1
-2
-3
-3
-3
-3
-3
-4
-5
-5
-6
-7
-8
-10
-10
-11
-11
-10
-10
-9
-8
-7
-6
-6
-6
-6
-7
-7
-7
-7
-7
-6
-6
-6
-6
-6
-7
-7
-7
-7
-7
-7
-8
-8
-8
-8
-8
-8
-9
-9
-9
-10
-9
-9
-8
-7
-7
-8
-8
-10
-11
-11
-11
-10
-10
-11
-11
-11
-12
-12
-12
-12
-12
-12
-12
-13
-14
-15
-16
-17
-19
-21
-24
-27
-30
-33
-35
-38
-40
-42
-45
-47
-49
-52
-54
-55
-56
-54
-50
-44
-37
-29
-19
-9
2
14
25
38
53
71
91
112
134
156
178
199
219
238
255
269
279
286
289
288
283
272
256
236
209
179
147
114
81
50
23
-2
-22
-37
-49
-57
-61
-62
-62
-59
-55
-49
-43
-36
-30
-25
-22
-20
-20
-22
-24
-26
-28
-29
-30
-31
-31
-30
-29
-28
-27
-26
-25
-25
-25
-26
-25
-26
-27
-29
-30
-31
-32
-32
-31
-29
-28
-27
-27
-26
-25
-24
-24
-24
-24
-25
-26
-27
-28
-29
-29
-27
-26
-25
-24
-24
-22
-21
-20
-20
-20
-20
-20
-20
-20
-21
-22
-22
-21
-20
-19
-19
-18
-18
-19
-19
-19
-20
-20
-21
-21
-21
-21
-21
-20
-20
-19
-20
-20
-20
-19
-18
-19
-20
-21
-21
-21
-20
-19
-19
-19
-19
-19
-20
-20
-20
-20
-20
-21
-20
-20
-20
-19
-19
-19
-19
-18
-18
-19
-19
-19
-19
-19
-19
-18
-18
-19
-20
-21
-21
-21
-20
-20
-19
-19
-19
-19
-18
-18
-18
-18
-17
-17
-17
-16
-16
-16
-16
-17
-17
-18
-18
-17
-17
-16
-15
-15
-15
-14
-14
-14
-14
-14
-15
-15
-14
-14
-13
-13
-14
-15
-17
-18
-18
-18
-17
-17
-17
-17
-16
-16
-16
-16
-16
-17
-17
-18
-18
-17
-17
-16
-16
-15
-15
-14
-15
-15
-16
-16
-16
-16
-16
-16
-17
-18
-19
-18
-17
-17
-17
-18
-18
-17
-17
-16
-16
-16
-16
-16
-17
-17
-17
-17
-17
-17
-17
-17
-17
-17
-17
-17
-17
-16
-16
-15
-15
-15
-15
-15
-16
-16
-16
-16
-17
-17
-17
-17
-17
-16
-16
-16
-16
-16
-16
-16
-16
-16
-16
-16
-16
-16
-16
-16
-15
-15
-16
-16
-15
-14
-13
-13
-12
-11
-9
-8
-6
-6
-5
-5
-4
-3
-2
-1
0
1
2
2
3
3
4
5
6
7
7
8
9
9
10
10
9
10
10
11
11
11
11
12
13
13
13
12
12
12
12
13
14
14
15
15
15
16
16
16
17
17
17
17
16
16
17
18
18
17
17
17
18
18
17
16
16
17
17
17
16
16
16
16
16
16
15
15
14
14
14
13
13
13
13
14
14
14
14
13
13
13
13
13
13
12
12
12
11
11
12
12
12
11
10
10
10
11
11
12
12
12
11
10
10
10
10
11
11
11
11
10
9
8
7
8
8
9
9
9
9
8
7
7
6
6
6
6
7
7
7
7
6
6
6
5
5
4
3
3
3
3
4
5
5
5
4
3
2
2
2
3
3
3
3
2
2
2
3
3
3
3
2
2
1
1
0
0
1
1
1
0
-1
-1
0
0
1
1
2
2
2
2
1
1
1
1
1
1
2
2
1
-1
-1
-1
-1
-1
-1
-1
-2
-2
-2
-2
-2
-2
-2
-2
-2
-1
-1
-1
-1
-2
-2
-2
-2
-2
-2
-2
-1
0
0
0
0
0
1
1
0
-1
-1
0
0
1
1
1
2
1
1
1
1
1
1
0
1
1
2
2
2
3
2
2
2
2
2
2
2
2
3
4
4
4
3
2
2
2
2
3
3
3
4
4
3
2
1
1
1
1
2
2
2
3
3
3
2
2
3
3
4
3
2
2
2
2
3
3
3
2
3
3
3
3
4
4
5
6
8
10
11
12
13
14
15
16
17
17
17
18
18
19
19
20
20
20
20
21
21
22
23
24
24
23
22
22
22
23
25
26
28
28
28
27
27
26
25
24
23
22
22
22
22
22
21
21
20
20
19
18
18
19
19
20
20
19
19
18
17
18
19
20
21
21
22
23
24
25
27
27
26
24
22
21
19
18
17
16
15
14
13
11
8
6
5
3
2
2
1
1
1
1
1
0
-1
-2
-3
-4
-5
-7
-8
-9
-9
-9
-8
-7
-7
-7
-7
-7
-7
-7
-6
-6
-7
-7
-8
-8
-8
-8
-8
-8
-8
-8
-8
-8
-8
-9
-9
-9
-10
-10
-11
-11
-10
-9
-8
-8
-9
-9
-8
-8
-7
-7
-7
-6
-5
-5
-6
-7
-7
-8
-8
-8
-8
-8
-9
-10
-12
-15
-17
-20
-24
-27
-30
-32
-34
-37
-39
-42
-45
-48
-51
-53
-55
-55
-52
-47
-41
-33
-24
-13
-2
10
24
39
55
73
91
112
135
159
182
205
226
245
263
277
286
292
292
287
278
261
239
212
180
144
109
77
45
18
-3
-22
-37
-48
-55
-58
-57
-54
-49
-43
-37
-30
-24
-19
-15
-13
-12
-13
-16
-19
-23
-27
-30
-32
-33
-33
-32
-30
-27
-25
-22
-20
-19
-19
-19
-21
-23
-26
-27
-29
-29
-30
-30
-29
-29
-28
-26
-24
-22
-21
-21
-22
-24
-26
-27
-29
-30
-30
-30
-29
-28
-28
-27
-26
-25
-24
-24
-24
-24
-25
-26
-27
-27
-27
-27
-26
-26
-26
-26
-25
-25
-24
-24
-24
-24
-24
-23
-22
-22
-23
-23
-23
-23
-22
-22
-22
-22
-22
-22
-21
-21
-21
-21
-22
-22
-22
-21
-21
-21
-21
-21
-21
-21
-21
-21
-21
-21
-21
-21
-21
-21
-21
-20
-20
-20
-19
-19
-19
-19
-19
-18
-17
-17
-17
-18
-18
-19
-19
-19
-18
-18
-19
-19
-20
-20
-19
-18
-18
-18
-18
-17
-15
-15
-14
-14
-14
-15
-15
-15
-15
-15
-14
-14
-13
-14
-14
-15
-15
-16
-15
-14
-14
-13
-13
-14
-15
-16
-16
-16
-15
-15
-15
-15
-15
-15
-15
-15
-16
-16
-16
-15
-15
-15
-15
-16
-17
-17
-16
-15
-15
-14
-14
-14
-14
-14
-14
-15
-15
-15
-16
-16
-15
-14
-14
-14
-15
-15
-14
-14
-14
-14
-14
-13
-13
-13
-14
-14
-14
-15
-15
-15
-14
-14
-15
-16
-16
-16
-16
-16
-15
-15
-15
-15
-15
-15
-14
-14
-14
-14
-14
-14
-14
-14
-14
-13
-14
-14
-14
-13
-12
-11
-11
-11
-11
-11
-11
-11
-11
-11
-11
-12
-11
-9
-7
-5
-5
-5
-5
-4
-3
-2
-1
-1
0
0
1
2
3
3
3
2
2
2
2
2
2
2
2
2
3
5
6
7
8
8
9
10
11
11
12
13
13
14
14
15
15
15
15
14
13
13
13
14
15
15
16
16
16
16
16
15
14
13
13
13
13
13
12
12
11
11
10
9
9
9
10
10
11
11
12
12
13
13
12
11
11
11
11
11
11
10
10
10
10
11
11
11
11
11
11
10
9
10
10
9
9
8
8
8
8
9
9
9
9
9
9
8
8
8
9
10
10
11
11
10
10
9
9
8
8
8
8
8
7
6
6
6
6
6
6
5
4
3
3
2
2
3
4
5
5
4
4
4
5
5
5
5
4
4
3
3
4
4
3
2
1
1
0
0
0
0
0
-1
-1
-1
0
1
0
0
0
0
0
-1
-1
-2
-2
-1
-1
0
0
0
-1
-2
-2
-1
-1
0
0
0
-1
-1
-1
0
1
2
2
2
2
1
1
1
0
1
1
1
1
1
0
0
0
0
0
-1
-2
-2
-1
-1
-1
0
0
-1
-2
-2
-1
0
0
-1
-1
-1
-1
-1
-1
-1
-1
-2
-3
-2
-2
-1
-1
-1
0
0
0
0
0
0
1
1
2
3
4
5
5
5
5
5
4
3
3
2
2
2
2
2
1
1
0
-1
-1
-1
-1
0
0
0
1
1
1
1
2
2
2
1
1
2
2
2
1
0
1
1
2
3
4
5
7
8
9
11
12
12
12
13
14
16
17
17
17
18
19
20
20
19
19
19
19
20
21
22
23
24
25
26
27
28
28
27
27
28
28
29
29
29
29
29
29
28
26
25
24
24
23
23
23
22
22
21
20
20
19
19
19
20
20
20
20
20
19
19
20
21
22
24
25
26
26
26
26
25
23
20
18
16
15
14
13
12
11
8
6
3
2
1
0
-1
-1
-1
-1
-1
-1
0
-1
-2
-4
-5
-5
-5
-5
-6
-6
-5
-5
-4
-3
-3
-3
-3
-4
-4
-4
-4
-4
-5
-5
-5
-5
-5
-5
-5
-5
-5
-4
-4
-4
-5
-5
-6
-7
-7
-7
-7
-8
-9
-9
-9
-9
-9
-9
-9
-10
-10
-11
-10
-10
-9
-9
-9
-9
-8
-8
-8
-9
-9
-10
-12
-13
-14
-15
-17
-19
-21
-24
-27
-30
-32
-35
-37
-39
-41
-44
-47
-50
-52
-53
-53
-52
-49
-44
-37
-30
-21
-12
-2
9
20
34
49
66
85
107
130
154
177
200
220
235
249
259
266
270
269
263
253
237
218
194
164
133
101
70
40
15
-6
-24
-38
-48
-55
-57
-56
-54
-51
-46
-41
-35
-29
-24
-21
-18
-17
-18
-19
-21
-23
-25
-27
-29
-29
-29
-28
-27
-26
-24
-21
-19
-17
-17
-17
-18
-20
-21
-22
-22
-22
-22
-21
-21
-21
-21
-21
-19
-18
-18
-17
-18
-18
-19
-19
-20
-21
-21
-22
-22
-22
-22
-22
-22
-21
-21
-22
-23
-23
-23
-23
-22
-22
-22
-23
-23
-24
-23
-22
-21
-20
-19
-19
-19
-20
-21
-21
-21
-21
-22
-22
-21
-20
-20
-20
-20
-19
-17
-16
-15
-15
-16
-16
-15
-15
-16
-16
-17
-17
-17
-17
-17
-17
-16
-16
-16
-16
-16
-16
-17
-17
-18
-18
-19
-18
-18
-18
-18
-19
-20
-19
-19
-19
-19
-19
-18
-18
-18
-19
-19
-20
-20
-19
-19
-19
-19
-19
-20
-20
-20
-19
-19
-19
-18
-17
-17
-16
-15
-15
-14
-13
-13
-12
-12
-12
-12
-11
-11
-11
-12
-12
-13
-13
-14
-14
-14
-14
-13
-14
-14
-15
-15
-16
-17
-17
-17
-18
-18
-17
-16
-15
-15
-16
-16
-17
-17
-16
-15
-14
-14
-14
-14
-13
-12
-11
-12
-13
-13
-13
-12
-12
-12
-13
-13
-13
-13
-13
-13
-12
-12
-12
-12
-13
-13
-14
-14
-15
-16
-17
-18
-19
-19
-19
-18
-17
-17
-17
-17
-17
-17
-16
-16
-16
-16
-17
-17
-17
-16
-16
-16
-17
-17
-17
-16
-15
-14
-14
-13
-14
-14
-14
-13
-13
-12
-12
-12
-12
-11
-11
-11
-10
-10
-9
-9
-8
-7
-6
-6
-5
-5
-3
-2
-2
-2
-2
-1
0
1
1
2
2
3
3
4
4
4
5
6
7
7
7
7
7
7
8
8
9
9
9
9
10
11
11
12
13
13
13
12
12
12
12
12
12
13
13
13
12
12
12
11
11
11
11
11
11
11
11
12
12
11
11
11
11
11
10
9
9
8
8
8
8
8
7
6
5
4
4
4
4
5
5
4
4
4
5
5
5
5
5
4
4
5
5
5
5
5
5
4
4
4
4
5
5
4
3
2
3
3
2
1
1
2
3
4
4
3
3
4
4
4
3
2
2
3
3
3
3
3
2
1
1
0
0
0
0
0
-1
-1
-2
-3
-4
-4
-5
-5
-5
-5
-5
-4
-4
-3
-3
-3
-4
-3
-3
-3
-4
-4
-4
-4
-4
-4
-4
-5
-5
-6
-6
-5
-4
-5
-6
-7
-6
-6
-5
-5
-4
-4
-4
-4
-4
-5
-5
-5
-5
-4
-4
-4
-4
-4
-5
-5
-5
-4
-4
-4
-5
-5
-5
-6
-6
-6
-6
-6
-6
-6
-5
-4
-4
-3
-3
-2
-2
-1
-2
-2
-2
-1
-1
-1
-2
-3
-4
-4
-5
-4
-3
-3
-3
-3
-4
-4
-4
-4
-3
-3
-2
-1
-1
-1
-1
-1
-1
-1
-2
-3
-3
-4
-4
-5
-5
-5
-5
-4
-3
-3
-4
-4
-3
-2
-1
-1
-3
-3
-4
-4
-4
-4
-3
-2
-1
0
1
1
2
3
5
6
7
8
9
10
10
11
11
11
12
12
12
13
13
14
15
15
16
17
17
17
17
17
19
20
21
21
22
21
21
20
19
19
19
19
20
20
19
18
17
16
16
15
15
15
15
14
14
13
12
11
11
10
10
9
9
9
9
9
9
10
10
12
13
14
14
14
13
12
11
9
8
7
7
7
6
5
4
1
-1
-4
-6
-7
-8
-8
-9
-9
-9
-10
-10
-10
-11
-11
-11
-11
-11
-11
-10
-10
-9
-8
-8
-7
-7
-7
-8
-8
-8
-8
-8
-9
-9
-10
-11
-12
-13
-13
-13
-13
-13
-13
-13
-13
-13
-13
-14
-14
-15
-15
-15
-16
-16
-16
-16
-17
-17
-17
-16
-16
-15
-14
-14
-14
-15
-16
-16
-15
-15
-14
-14
-14
-14
-14
-14
-15
-15
-16
-18
-19
-21
-24
-26
-28
-30
-31
-33
-34
-36
-38
-41
-44
-48
-51
-53
-55
-54
-51
-48
-43
-37
-29
-21
-11
-1
11
23
38
55
73
94
117
140
162
184
203
220
235
247
256
263
265
262
255
241
221
197
170
139
109
81
53
28
6
-14
-30
-43
-53
-59
-62
-62
-60
-56
-50
-44
-38
-32
-28
-25
-24
-24
-24
-26
-28
-30
-31
-32
-32
-33
-33
-32
-32
-31
-29
-28
-26
-26
-27
-29
-30
-30
-31
-31
-31
-31
-30
-29
-28
-26
-24
-24
-24
-23
-23
-23
-23
-25
-26
-27
-27
-27
-27
-27
-26
-25
-24
-23
-23
-24
-24
-23
-23
-23
-24
-24
-25
-25
-25
-26
-26
-26
-26
-26
-26
-26
-27
-27
-27
-27
-27
-28
-28
-27
-26
-26
-27
-27
-28
-28
-29
-29
